Grime: 0.4021739
Palette: 4
PlacedObjects: InsectGroup><825.5846><158.1376><-285~140~0~0~RockFlea~0.5, Hazer><699.1978><244.22><0~0~7~10, Hazer><783.8868><246.0851><0~0~7~10, DeadHazer><583.0547><190.0432><-649~-47~7~10, 
AmbientSounds: SPOT><SO_NAT-LilDrips.ogg><754.2253><560.3015><0.3369565><1><561.2253><343.3015><-146.3553><13.64465><0><0.404348, 
FadePalette: 8, 0.04347826
