BkgDroneVolume: 0.2569565
PlacedObjects: PuffBall><238.1275><400.4081><0~0~2~3, PuffBall><468.1564><402.1253><0~0~2~3, PuffBall><288.0601><413.6873><0~0~2~3, PuffBall><426.0652><424.0766><0~0~2~3, 
FadePalette: 8, 0.3586957
