DangerType: Flood
Grime: 0.1195652
Palette: 34
FadePalette: 8, 0.3152174
