Clouds: 0.2608696
BkgDroneVolume: 0.2869565
Palette: 6
EffectColorA: 10
EffectColorB: 2
Effects: Fog-0.1847826-26-60, 
FadePalette: 15, 0.3586957
