Clouds: 0.4021739
BkgDroneVolume: 0.2869565
Palette: 6
EffectColorA: 10
Effects: Fog-0.3586957-20-20, 
FadePalette: 15, 0.3913043
